576
1140
76
86
70
-5
2016
116
6
104
45
3239
7659
181
1
1
-46
-35
0
4929
-69
2507
1
115
2470
20
1164
-14
62
196
8
-73
29
2
163
0
81
27
0
3300
-61
0
0
89
75
0
80
1243
0
201
5
184
1
3599
86
200
0
5
0
-53
2340
0
5643
2
6240
130
1
108
0
0
120
0
1827
153
105
1
43
105
113
-36
23
141
157
2160
4002
500
0
1974
1164
87
161
-21
2
4
41
7
56
5151
2
1
111
151
0
-20
92
8
113
5
682
32
0
78
116
29
130
53
92
5
181
9944
124
6887
10
209
180
1130
7373
575
-9
4320
4
-29
67
0
0
113
62
0
0
49
89
20
3519
156
4620
9595
45
133
0
195
1989
1710
122
868
151
1
0
4
48
57
-35
155
4895
0
0
0
2115
-15
-5
6
2
-50
18
-63
34
1520
-56
-47
5
95
81
174
3
10
58
8142
113
0
140
70
109
80
6363
770
1935
62
107
1
-21
1575
47
2
205
2116
117
101
-8
3740
60
0
0
22
0
-50
1584
2
0
115
1
83
1
39
78
0
0
3404
21
68
0
98
29
6634
114
17
2
26
118
109
5428
-12
0
-61
185
297
75
-45
195
0
0
3813
-44
-90
87
7
1
3
102
-24
130
1260
141
256
0
120
-12
12210
0
85
53
0
2
18
112
34
0
66
82
38
91
0
0
5368
0
3120
101
155
139
-64
-16
72
-14
127
2
1
0
129
-5
16
64
1
7280
-3
-30
84
58
163
101
-4
156
-85
616
493
6864
9
1617
1947
-5
-36
1080
1
0
48
5
6
6499
76
4370
145
168
1
7008
4582
81
47
968
125
1120
4704
-7
-2
9
11716
79
76
15
2
7973
143
2325
8096
110
9
544
-31
129
0
1
8165
119
8613
4371
26
10080
792
4312
2
53
4
13
37
2
-4
132
-52
-30
12
10530
3
2
522
152
-56
-66
50
154
616
42
0
10440
12
3
47
176
1
121
-41
2
122
96
1575
0
0
5076
0
0
0
5
190
106
4730
0
124
52
256
109
6
99
8140
88
5304
7474
4732
78
5440
8372
78
41
3
26
0
123
3420
152
0
5928
5280
143
2220
1
8025
0
0
172
1488
2880
112
3162
-14
212
50
6
1
0
79
1
57
-8
1
20
81
0
10602
165
966
0
3
1
5916
134
4
2128
-36
2
2
7128
-34
10
22
3
7
2499
4160
9
113
1246
100
1
-40
371
11270
16
3320
3828
51
134
204
7878
56
-14
1976
0
368
7626
17
846
69
159
83
-76
230
84
194
924
116
19
2160
0
1
114
64
184
-38
6138
-27
0
105
0
100
9776
638
1222
1456
127
116
0
88
5428
56
1729
-66
63
1012
167
902
0
-51
0
468
-57
39
43
2385
0
1
9240
1343
8360
30
5940
87
3432
-53
1
7488
-35
-16
55
5
126
975
779
97
28
10
-14
10609
46
40
2
7425
0
-37
0
58
7708
0
2160
125
600
1072
3570
107
1645
11
14
0
0
12765
7571
918
29
49
-5
130
4582
-70
9
5525
110
1320
102
115
0
225
38
0
16
146
46
19
0
120
1845
8268
-45
4897
220
52
87
2
667
9
-12
101
8436
0
0
2457
16
4752
4256
2
63
-55
118
12
2
584
64
1
2
570
87
132
-6
2
1
4838
149
5565
19
111
1763
-12
1025
131
189
1
168
0
2
135
13320
82
4
3
99
24
4
0
1620
146
78
186
84
5244
85
11730
0
165
11960
1411
1330
38
3913
-72
11
91
1
13
0
-73
32
73
0
0
-15
150
-5
774
123
261
118
68
0
179
37
2438
52
41
8614
118
1
157
-23
3960
0
-44
1
3780
122
34
69
9545
196
113
215
76
2
6
3570
69
8740
121
1
45
-30
-4
5
-15
109
1
7425
62
181
89
215
0
51
10
4340
87
20
4697
1
183
56
46
2
57
-27
1
42
0
6318
10400
2115
91
89
2
0
2
47
0
-43
184
193
4428
0
1
15
-30
-30
4836
5
0
1
0
48
6660
5
-6
1066
0
136
1
-21
696
146
2
-41
-39
1
5610
7
167
0
65
3136
163
0
1110
117
18
3977
0
1
0
45
0
0
204
23
3658
109
1
7344
107
161
1998
4810
126
5782
-6
3
-5
1479
131
2
1470
77
511
1
0
110
101
10057
172
2
92
2
88
3
-2
1
155
2664
651
117
0
8505
7
205
184
127
2964
-51
161
0
1332
170
1
133
-55
1872
-14
3
-26
8526
35
6
0
1
205
0
3689
1495
3
76
-43
1292
84
200
0
81
3
0
26
-7
0
-25
0
43
2
5
3720
0
62
-23
4
46
40
34
228
37
2242
330
820
3528
57
7310
110
-110
-40
140
151
47
-44
2
2976
11800
480
118
69
812
4898
172
2960
3
2624
616
-42
1
2
24
8436
190
2352
125
202
107
5
0
61
71
0
-98
954
1862
8288
37
65
51
1
71
1
1
106
318
-61
3965
6832
0
1
1620
23
330
47
-49
35
1
31
1
3422
0
9360
-24
81
124
17
686
8132
-33
7540
130
1
9
2
2
129
141
204
42
536
6741
59
76
93
92
142
-6
0
200
2106
0
13
-18
2200
-48
51
0
84
4680
3168
8
0
0
9021
143
110
2910
8932
205
7
-65
15
212
1248
1
92
2
120
1
6408
51
-79
94
110
0
0
120
68
710
13
68
8103
6426
1
140
36
70
1414
4005
105
1407
0
0
3
0
185
162
198
1659
84
1
45
209
83
69
0
14
1
136
11210
0
93
102
3
1190
102
0
0
156
0
5452
6
11639
1
1
4
0
23
210
35
-111
4
54
7
82
4425
140
-87
3
14
2958
1
133
0
20
1357
0
105
107
2040
412
10788
61
84
-10
0
105
2
0
8184
-75
2929
105
1
129
0
-13
3285
-26
171
0
0
943
0
-11
0
12
720
5005
59
52
0
1470
3
3458
-6
0
12
-7
0
90
513
0
0
-5
0
0
0
111
-11
36
-86
0
76
-78
1
86
22
0
66
24
497
77
77
-9
49
103
33
0
177
121
25
816
-34
3
75
-70
97
132
783
0
162
1302
-80
7
3
11
1
8010
124
0
475
46
0
11322
5670
2825
160
0
7072
0
0
63
188
86
1976
0
553
125
77
6642
8094
1
-3
74
-61
30
84
82
7031
13
1856
0
9
85
1
0
41
62
0
27
1
14
3960
0
104
10738
-92
0
3
0
1
0
214
68
0
4154
-86
8142
4018
201
44
4
152
17
1
0
34
104
0
-17
56
1056
94
7950
70
8640
27
4692
5568
-44
-45
9434
92
2950
0
0
142
11
21
1196
0
-63
0
-21
-4
8245
2993
7
1408
-41
187
-2
1
-105
-99
5896
95
6804
714
1
38
1
-23
0
1
713
0
1
7
0
0
10976
28
228
0
67
141
6853
3
137
10
0
7
166
-32
81
49
62
5
16
0
1044
1100
2418
37
-88
0
186
-2
104
6942
1
8
163
2
-59
11400
6120
1406
3
2304
146
3069
0
4
192
0
10
192
3960
136
-86
0
20
4329
52
3
39
-8
188
96
2002
5236
84
585
85
4
1534
0
-84
0
170
20
69
4
-52
34
1
9222
5580
80
0
119
1
-4
3
5
0
0
2397
158
4
4959
62
5
147
3248
-2
0
3348
2
1104
168
0
7600
4982
22
6720
1
756
103
2670
4130
84
-51
151
42
135
-100
0
23
68
72
55
3549
-4
0
8424
-21
96
8
2
-102
0
0
94
989
4278
0
27
195
2
23
0
56
1911
2
68
134
1
129
36
31
13108
8216
0
88
4
45
29
177
0
960
11
-35
0
0
0
139
-46
1
368
57
1708
0
-36
51
14
4015
107
17
7476
-3
21
3192
148
1
140
171
4968
4
-45
131
-79
9
99
98
71
2415
-4
2752
0
0
-68
13
0
2
168
20
6018
0
9
4697
-33
0
132
7
98
2
64
34
1505
1
134
1430
0
4
12
-23
2
24
4389
42
1
25
3552
-50
1197
1352
0
121
99
-84
0
62
56
209
1
165
1
6
3465
-32
81
208
448
0
52
3264
-8
0
165
0
213
85
44
188
18
0
123
3
6930
1350
-10
236
-2
1083
44
-104
0
1595
0
8732
7614
9373
5
141
83
0
88
245
-61
2448
3
79
13
113
202
119
-5
59
216
2
96
0
1008
0
36
820
912
0
104
6
9794
0
47
1
127
0
113
54
125
31
2
1
546
120
12
0
567
1
9024
181
77
2
0
-67
4864
165
58
-59
90
182
218
-24
135
2
3360
0
174
4788
-39
1
1
490
3
-13
200
17
133
1
161
62
10
324
4823
0
9296
156
5124
-18
74
2
2
44
-31
-16
117
198
1408
89
1
85
45
0
5775
73
0
1
1
177
46
280
0
217
44
137
0
154
52
0
92
84
5
76
9312
4173
40
3819
-18
43
950
680
151
1484
6068
0
0
121
-3
1
12210
0
0
24
1332
3496
0
-67
110
79
5214
131
0
300
148
0
22
139
10
62
96
105
1
2
0
1900
130
204
1
72
2
39
68
203
-82
-58
612
0
912
570
0
-8
162
131
7303
0
720
140
48
74
56
16
1
106
156
11872
3904
6975
1
143
5185
936
10788
129
1530
22
60
4368
0
36
-11
91
5014
1
4770
33
52
6534
121
29
1
0
400
0
7072
-75
154
81
142
8383
101
26
5
1
104
3145
145
16
113
9016
-5
115
0
-101
0
0
0
23
0
0
2040
9
-60
1
87
5
-1
2860
1450
4235
1
159
212
-48
10812
167
-32
7189
4608
-48
-37
119
148
4095
47
430
1770
-66
101
0
63
1462
0
2961
76
2
28
158
37
6500
3
0
5
-74
5852
-55
0
9328
116
2
3
113
163
215
0
-46
69
102
7524
1
182
0
36
81
1
4
231
0
2072
72
-90
-88
165
0
36
135
66
-57
0
9
66
114
1
164
55
3
10260
102
5350
5626
228
5100
178
5428
-84
688
0
-84
-64
59
1
22
114
87
33
8470
8549
82
1292
1209
0
3894
570
38
66
198
24
98
6660
79
1053
121
-5
4
155
97
70
0
-32
8463
1710
3
147
0
7
136
-41
125
56
49
588
11280
139
-33
27
258
-17
0
1900
0
-50
201
143
64
105
2880
200
166
51
-68
682
76
-26
82
3276
-41
4949
-5
1
8722
-15
51
66
10881
157
2268
-6
2275
181
0
2200
121
82
40
1170
1
103
2924
80
1
164
89
-77
56
1
0
340
-96
2448
136
1
3116
0
75
8160
114
136
-29
105
1
1
110
13685
3
0
8136
-56
4
2619
0
1
6305
5
6
14
96
-58
988
-40
7140
70
1962
-21
145
93
165
6
-88
2349
2673
120
0
17
225
495
58
0
111
7772
42
-71
4048
70
96
1
2352
2581
74
-5
1
0
-15
4182
6300
31
73
-25
2592
1
1
12
90
9523
0
-39
-24
0
0
0
85
7
11520
11172
4
4
111
110
0
1984
5170
103
2
122
0
11
5676
1
135
3306
49
70
-71
7676
375
-96
84
115
168
106
94
155
7102
2079
4200
0
237
-98
16
8096
-44
2652
1
0
1
91
0
173
1
1
1
0
49
15
16
2
84
1584
68
65
315
109
74
3276
0
1545
2288
672
9191
7544
152
880
6318
0
1760
124
-30
6
1
-13
56
-17
2553
7
131
176
1272
5166
8
83
0
92
3
0
89
3410
0
8
99
5170
-69
5
98
144
8
78
888
8755
1
207
138
7616
108
8
177
172
0
166
0
0
90
58
1
0
131
1
134
1456
-88
88
-45
0
1
-64
-4
18
1508
-38
104
1
-7
-5
87
2117
2
112
1
-26
1
25
123
1
1
6993
-19
90
0
0
32
828
177
91
708
288
0
146
630
164
645
0
61
130
0
77
123
468
6962
2349
0
-79
51
176
4
0
149
9
142
1460
0
78
16
360
79
174
139
4485
-47
-59
115
2054
107
2200
3135
119
21
-50
129
8
74
68
118
9152
57
58
0
6216
-6
52
1
2158
128
3
82
0
1922
33
0
105
103
0
4
1
91
672
65
4392
117
1518
6956
7130
4
2
100
0
1148
0
795
3
92
-5
6
51
157
1
2
-78
0
79
-17
89
2
187
93
20
365
117
230
2208
4200
2
51
-16
36
6760
-12
0
4
2
34
7
3096
134
11
1545
12
83
-57
5
0
67
-26
4560
5
8
24
0
0
0
5871
93
210
0
4992
-15
214
13
10340
2070
-14
-52
138
10450
3
806
4896
46
167
0
138
1
0
1
34
3
78
95
160
77
123
129
2
113
-87
81
2
0
0
99
0
169
0
87
3498
-20
780
13
0
12
156
594
1
139
0
130
0
7378
38
150
6
2
126
78
-77
6099
2150
137
8
0
-16
-20
98
137
133
0
110
27
4158
2050
-71
35
1
0
32
0
-87
0
3168
170
84
41
32
420
-23
9831
128
1
220
-80
0
121
0
3
106
-85
57
26
1
38
3731
87
2376
-53
1
6642
4
151
9758
0
91
0
-28
-31
136
0
2840
1
11700
209
1
13
-86
148
3705
-8
-52
0
2
197
125
71
3050
1848
114
161
-35
0
6498
117
0
28
0
105
-10
1860
2530
22
96
1
1
690
87
0
2765
8
105
1554
1488
128
98
1
11400
43
-4
50
132
29
0
0
-78
-63
21
372
-3
1
204
1
1140
2
84
5074
71
0
26
177
15
4
-99
-28
38
126
658
191
2112
280
-25
63
1034
1950
1036
49
0
0
-28
0
2
-26
74
3390
-15
63
2670
177
77
102
2975
51
0
108
1320
0
1
104
0
77
-69
78
0
13
18
4473
-10
2
-92
-12
3528
1
14
7
8165
2
-86
10400
1
2200
9379
-45
0
0
114
34
161
84
13
7462
38
90
72
2
88
-33
3627
1
-52
0
0
960
7
6
62
14
99
18
0
-38
1
9476
-23
27
134
805
-39
1632
94
101
3168
504
-62
0
705
-36
1
5328
70
84
7434
11
149
126
-3
522
1
22
-9
0
64
-53
315
7
54
21
-51
230
2006
2247
-84
3927
4141
1
242
4998
110
32
1120
5742
-4
9506
1
3
72
1
18
0
81
1596
41
0
20
0
1
81
192
1332
5022
97
194
12
8439
36
27
-87
3
52
1
2820
104
-19
21
0
19
1
-38
-54
86
-48
0
6760
30
-81
20
0
43
157
-19
0
35
70
0
0
143
29
88
3
1
128
32
0
-4
34
890
-6
98
7
2616
114
1
3
15
1
0
19
27
16
3589
2856
-32
3431
3390
1
1
37
3
714
227
15
1245
1
-60
22
119
25
194
33
122
190
14
-51
16
0
0
32
5440
77
525
0
58
185
2912
-30
1
5916
456
1470
6048
-6
3040
117
1
9804
1
29
912
-42
224
3408
-6
612
-17
3276
60
1
79
1144
2
559
-23
6111
3894
-6
135
31
55
82
504
82
0
-25
129
114
6120
156
-68
0
131
193
82
97
11752
61
1
131
32
-18
108
5428
4725
101
3
333
0
584
-26
0
243
58
-37
83
0
8687
-95
43
212
47
105
10
43
38
-81
-34
0
95
118
1652
8740
142
12
2849
29
66
124
31
0
33
138
336
163
0
5382
2116
1440
78
53
114
23
59
-29
550
1050
-78
121
5
81
3
114
52
133
65
143
70
41
120
222
1
102
35
-40
72
5
176
55
168
-31
82
-9
-38
436
110
2
94
58
76
158
39
2
192
100
100
2288
728
164
2
20
155
137
247
40
182
1
6084
6
9944
1
123
1
159
103
5840
148
18
0
70
11662
3
159
0
0
135
1
1
62
-10
2834
1900
-53
53
2
1
-1
14
2407
113
0
0
1840
74
0
-7
41
25
100
12
22
0
36
1140
7568
858
803
0
-10
178
6540
18
-4
92
4928
-26
-31
3030
58
0
0
625
3480
79
0
159
0
-9
91
39
151
7209
27
12420
82
5244
124
216
19
4970
225
2848
12000
-49
1023
5451
75
123
109
17
56
0
188
17
1785
1113
-33
2
2208
25
1
56
500
1
139
12519
78
106
0
0
69
-67
1
98
-83
125
1
5
-80
3
33
-35
16
99
188
157
102
7035
4896
2
9
4
5520
8
50
48
20
594
104
135
88
-26
6300
-9
1
49
0
0
126
0
102
0
1
1
0
112
0
-10
138
37
1
1500
10
94
880
1
157
0
1
140
171
123
1
7571
3
2132
49
0
206
3
1334
400
1150
0
1695
62
1
0
91
-80
0
72
7896
0
93
51
0
4059
70
7
128
5184
1
55
23
80
5586
20
12
4
4578
11227
416
106
1
92
5775
-1
0
2646
1
148
39
-27
157
187
21
16
-7
7626
15
202
202
97
-16
8
105
155
627
45
-24
-22
1551
150
0
-48
-9
-11
1
-19
0
10
4
5
3
2
1
21
148
133
-22
109
-72
0
98
3
76
194
11948
94
2
1
146
119
-56
119
6480
0
127
0
49
156
4
123
8
11312
0
54
170
-49
3510
2
0
4028
1845
-46
0
128
37
9116
0
3
-15
198
236
0
4845
0
17
95
36
1
3
1876
175
71
0
10
1
7290
0
-15
5350
980
5751
69
1887
1482
0
6688
-73
-76
153
1
83
43
-54
79
0
4760
39
5917
0
40
34
0
1
-89
48
205
14
4797
42
3408
176
132
115
-34
1818
101
-43
62
190
17
5760
3162
-52
150
0
190
74
2548
-12
-3
0
-20
144
1
1
0
4346
1
143
2834
212
4704
20
-3
-6
4288
-6
8
198
11448
155
-28
2
-19
0
0
420
2881
90
82
0
1
0
36
7
50
86
9
8316
225
31
127
3311
-67
-11
128
128
1605
-13
0
-72
2142
142
3232
0
38
140
-72
0
71
1
1
63
0
4355
6528
89
3
132
4472
128
89
0
760
1856
4316
272
8
118
101
-46
54
0
161
742
36
17
4
3
5
1740
-28
44
3128
0
3248
1598
131
21
1
665
35
188
324
1440
94
86
123
-47
0
-84
132
-27
201
1
5610
-2
4836
-60
36
1722
13224
96
24
103
29
1
67
2
62
2
1
138
132
78
65
0
308
1
29
64
6768
200
-21
14
-39
47
134
52
0
2436
7
2520
0
0
42
4
2075
3
6048
-21
1240
1
0
7238
2320
-15
100
25
0
860
1
4290
0
-74
35
36
22
98
7320
1
800
24
59
3234
68
1426
-85
177
1188
156
1
84
21
4
126
19
12
3
139
9213
1
10692
79
16
759
3116
4403
9588
59
-104
1290
8774
6496
1
4345
8066
-23
3744
2720
30
7938
-51
1
-59
144
0
0
2964
119
1281
5185
33
7378
77
7505
114
-20
2225
-21
61
75
1824
47
59
-26
-4
3816
106
1
133
1350
-9
152
10
68
104
10
65
74
11211
173
189
64
14
0
128
0
38
1
5110
-27
-11
0
77
553
57
0
1
1
0
160
72
56
34
2544
128
140
11781
80
12744
1155
4661
100
7
10593
816
1
-53
-34
5328
176
49
19
-112
3
2
51
345
28
87
3339
5312
132
-51
18
3
0
3610
2240
14
201
237
1
57
-92
-90
74
127
0
520
-33
0
1
65
4320
1
-29
121
4860
123
80
59
57
0
1
0
-20
0
0
-9
1
-41
1
0
1
76
-84
3000
850
4510
4800
1
-49
103
1
182
-35
2
-2
0
2
-52
142
82
6100
0
131
95
1
186
972
2
86
148
144
1
0
7161
2160
113
2016
-57
0
0
5
0
139
154
0
0
1
2
-43
1846
0
768
8715
1625
2296
375
0
144
1
798
58
207
1764
18
111
139
120
8855
4004
171
162
17
0
149
137
11832
82
39
-52
160
1
0
77
60
4080
-2
7821
986
1
224
92
0
167
1411
126
147
11
120
124
110
23
87
94
45
11232
3
203
0
2295
5478
3
101
69
11
68
0
138
93
156
225
2166
0
7
388
1
2360
0
128
19
8568
636
4312
116
108
0
93
4840
5900
2
4131
9856
0
4459
0
6
2
-36
5088
5418
4200
128
51
11
44
342
-6
-6
227
3270
-78
66
115
1738
2
73
149
-4
25
1
2240
0
-37
10230
16
3393
90
5893
-18
2090
214
1
62
2
3
-75
187
76
30
42
102
8103
47
5400
-12
608
1
0
110
0
1
206
34
1
102
3740
3132
13440
181
55
194
-84
6283
3424
2001
0
1
0
0
-81
7956
79
28
1
53
213
0
6536
-57
12
0
58
71
420
22
3074
2890
59
3720
2
212
8
0
864
770
0
0
200
3250
-19
12
8932
180
0
195
85
31
-3
1309
40
125
63
173
1
2842
752
162
1
1
8554
3663
49
19
-26
2320
-70
5454
0
5300
395
72
177
129
30
48
-31
149
6664
0
98
4005
2
-91
-78
2025
133
7200
0
4896
3268
4
146
139
25
558
86
65
8446
0
-19
-26
0
12
169
145
2
8806
0
1110
210
95
810
25
3
10
1056
0
94
120
1944
98
5472
0
6565
5916
0
0
1
-74
0
57
-29
21
0
53
3
137
81
1
1104
-45
1376
33
-84
1080
0
728
0
2640
44
0
64
182
2448
910
86
1095
175
94
131
0
7
28
-38
7708
0
90
84
8236
8904
-7
225
-31
184
0
19
132
3840
0
0
1
1927
0
3990
95
0
2376
-76
780
1
108
-1
53
135
627
1
-3
87
3
11770
3417
0
2001
119
186
60
1596
3172
156
44
101
131
-32
-35
197
7742
4264
39
90
3132
160
2
3
5808
88
107
17
1
31
0
38
1
3570
1
0
224
1010
714
67
26
3
-76
-104
320
189
1
6319
22
3861
-25
0
139
128
891
38
3321
121
1300
2134
0
1
8832
0
-55
-7
105
13455
183
0
3
-20
6006
1
48
8064
3074
107
96
0
67
-22
54
-12
7134
-6
1150
441
56
70
513
71
3744
-1
-56
-72
1272
3
3276
57
2
1
13560
50
0
147
2
10296
6059
0
0
0
756
1071
19
1
22
3
3
44
1
920
141
12540
153
125
73
114
1
1771
890
0
163
162
11662
195
1
42
26
31
97
-23
71
0
0
882
73
169
85
3196
-7
535
180
3
190
4
33
11
135
0
74
15
2220
9
153
200
164
1005
1
185
39
40
49
2
6633
90
1344
76
0
107
4284
-67
0
19
1001
218
106
110
-29
1
2492
0
-62
9520
0
-11
3772
-65
590
187
2784
-13
176
7
0
-50
51
45
198
136
0
146
0
702
113
52
8991
126
7171
2
0
135
1665
-34
-39
54
102
0
5
25
144
107
4636
4280
35
0
131
-19
10944
71
2990
7198
99
5472
792
159
7597
52
3774
6900
-1
184
3500
391
1032
-2
-18
338
4224
-57
5530
0
2400
0
59
43
0
3600
9
1
3
618
126
806
26
4
10
4
0
56
-16
203
54
4366
1920
9
-7
5832
114
6667
1
14
3959
3320
-13
30
-14
130
-19
0
-59
143
35
90
92
208
99
29
0
3696
3195
8742
7
181
0
7540
19
1610
1
-1
93
179
92
172
123
-39
-13
0
4
70
-50
2394
738
144
169
0
4335
2
2
14
6825
-16
1
5
37
38
173
188
0
1380
135
0
156
66
4
0
1
-68
208
3
-79
8
0
79
187
1
216
0
8
8880
442
194
15
69
0
131
0
-64
414
-98
5518
1
169
0
80
82
111
0
86
107
112
111
103
3255
1
0
0
1
122
90
1116
15
1
981
50
1085
166
0
41
6160
1160
0
1
-24
142
2
8
5369
0
2320
-37
90
6432
83
-47
0
-20
52
9
444
-47
46
155
168
72
1705
98
275
2
-65
70
-1
5
684
-46
87
108
25
113
-39
142
2288
0
115
10272
-3
53
1
-52
0
0
-32
2328
-16
0
5
7
138
129
165
51
0
162
1
62
8
0
2142
183
0
117
1
-42
87
8
5
135
6
108
4940
-39
124
216
120
560
4464
0
79
5
154
3843
-15
2
68
-64
1
0
496
-27
6499
-55
1
140
155
59
5475
5610
870
2
60
122
-6
0
166
224
2343
113
-74
0
1505
1274
1
129
-69
3038
154
-3
12753
5814
9300
10656
70
2
104
93
505
25
38
203
1144
4
8211
5883
18
2890
1368
202
5
3666
17
2
16
90
29
5928
-79
1
-47
4181
18
3520
176
18
12
4416
83
-72
130
90
0
0
0
153
108
8484
1
108
4512
3066
0
7488
-4
3
136
1
48
47
44
0
94
125
79
6042
1235
5
-114
75
1
6
10092
-43
992
0
0
100
1
148
-55
2900
141
0
142
567
142
0
1
-33
0
5712
2
58
39
1
6760
-50
2268
-15
70
119
79
-76
1240
-32
25
27
0
115
1
55
3
91
158
1
-20
8
3744
122
12
-27
1920
-25
3330
0
56
19
1044
-7
11
4223
1
11
1742
7068
0
3815
37
137
88
118
0
-11
87
-39
2
46
1
644
-10
2
146
0
158
4189
3355
70
68
981
2
-63
69
0
140
0
80
141
151
-12
8892
-48
42
5952
66
3
1
2987
1
0
1836
188
360
20
186
124
0
205
22
104
1775
79
48
935
-43
-24
51
11832
-52
0
0
66
2
-23
96
5112
4
147
33
119
217
4851
1
109
48
9605
5
19
980
1368
1
42
1170
152
53
10
-42
-17
1
0
-2
25
108
4350
1
138
561
1
3
4340
2484
49
6844
1
49
2
146
69
33
2
750
11984
1
8
129
66
76
137
6969
74
112
104
92
1
116
88
158
84
87
225
5
1848
672
86
0
0
186
0
12272
1989
-69
109
22
52
0
32
90
197
812
96
95
-66
6307
-40
-22
146
30
1
3900
66
67
0
3555
51
116
89
68
144
0
3
59
0
2470
8
130
2
86
184
-56
144
-60
1275
1
496
10695
0
5
756
161
816
1
2
3
-11
202
3010
-5
-77
855
0
-11
73
7
118
3
0
28
4
64
4550
168
0
111
2
160
29
-37
-21
-25
0
222
127
34
150
34
54
0
6675
1102
10
670
1980
167
191
1
0
9
402
1
1
1
0
0
1
113
21
4
-55
74
5355
0
-62
-28
91
5320
0
1904
1
1
5310
0
62
12
25
6
-68
11817
2496
1680
36
1
0
110
-93
-22
51
0
28
1917
1
62
7
128
119
111
0
0
3
6360
115
1911
206
96
-88
13225
3040
8208
426
-27
89
169
2790
-59
203
1602
158
1
28
1
62
8400
1
1
648
0
81
1312
384
5832
108
-72
93
237
273
2
4074
7
630
4774
-100
0
3600
136
1224
112
638
-59
86
69
117
-97
5742
16
215
16
163
-69
-13
-45
85
258
75
61
124
67
84
1
3552
0
127
167
-82
0
6
4940
144
-24
2296
181
2016
73
-9
0
53
102
0
1
-34
37
166
0
9960
-34
2
4
0
125
116
1
55
64
127
127
0
136
-2
1
0
14
12
0
4
4
105
-5
3
1
375
-59
172
3072
201
450
10170
0
221
124
204
7740
4186
75
5025
0
2
235
414
5
11
-17
84
-37
0
121
148
157
53
1368
82
3
0
-43
19
2184
-96
6636
6237
1
2
1
665
-81
-34
2652
178
0
9945
132
2856
0
0
161
92
4600
2550
-14
139
116
4941
98
41
86
61
183
77
129
3526
-64
25
1
0
189
48
22
72
7752
145
169
5
1
611
83
3
34
3916
484
6
2
0
220
2052
16
-67
-69
-44
0
9215
-29
4
6
840
89
160
5175
-10
49
0
1188
5254
62
403
115
2418
5
65
0
0
175
0
-1
0
56
0
32
0
0
920
6608
-43
103
1
199
3280
1215
99
1365
60
162
0
-2
177
-19
83
3535
1
1380
-62
4779
0
116
0
5586
8
7590
-24
-69
2772
3560
0
-6
-68
0
4134
-26
142
141
0
86
2800
5974
-9
179
936
0
1
1
0
59
1512
-24
130
60
196
308
62
126
0
-22
137
296
-37
48
0
-34
130
218
1575
74
2040
-18
198
3871
350
0
4
0
3916
2303
63
4554
57
2485
428
120
203
-19
109
-87
103
1
114
24
10400
79
6474
-38
101
126
103
78
486
0
-20
1
48
0
0
4100
1287
89
1
42
-10
-65
3225
2
128
4408
1
79
4508
68
57
63
3000
159
16
1
0
2
56
15
2652
0
3
1
-16
1628
2507
0
0
0
129
-72
112
0
184
8652
159
-76
1
112
52
99
1
10506
238
2065
0
43
33
-54
0
69
168
155
53
0
70
165
2296
4879
-36
114
616
1395
4602
147
1
1
1
40
-46
82
28
1175
-69
1
205
3
826
2842
20
-23
2280
1
159
13225
1314
0
51
168
17
-24
202
0
148
140
1455
12
2
675
127
0
184
93
804
134
20
0
6231
125
0
-20
0
5460
235
1
0
-7
68
69
2
4272
88
44
195
1
2
59
2
6800
2688
194
-59
0
45
37
1470
9945
-61
134
1134
141
0
873
140
129
7626
-34
112
2937
-80
0
436
153
0
0
109
21
0
162
0
3384
1
32
1
0
318
-42
5390
165
3540
107
0
181
1
0
201
4758
122
-74
34
1012
106
819
4524
67
158
4368
177
117
3045
65
3
-97
58
0
-78
-93
124
108
594
1
0
196
-27
0
10450
90
192
6954
-34
207
53
1
129
35
179
2
5084
0
945
2142
1
187
0
5
7544
95
-54
152
-6
11
27
168
12
-40
99
-15
5
133
2254
0
148
39
-49
11
7
4641
1
80
1
156
-51
81
-49
0
1170
145
-24
6
200
1320
7935
3
70
12
768
5100
-47
66
12
6045
130
0
-67
3
5015
0
184
5460
159
165
1173
1785
0
-50
-22
87
0
93
0
30
-76
1584
0
5561
66
288
43
0
1
1
22
-63
7326
5
4
2990
-71
1760
33
-35
-110
0
34
1
159
7739
8058
129
9462
121
116
18
26
1
12
-3
0
7254
261
1188
-39
128
0
66
124
5920
990
0
150
-21
10320
0
188
4914
3
-76
0
2
185
174
72
1881
-77
62
-10
189
-33
103
1
1785
2254
2808
133
510
95
7644
5890
1
108
2380
3100
129
-77
8250
5
1
1
11449
565
0
-15
1744
3
0
-1
-18
2
600
-110
1316
2883
96
1
2
7854
170
5150
132
1
-9
11484
27
98
2666
2
1
0
606
5616
55
12
1680
164
-100
-10
3
100
73
81
1900
0
333
147
1
120
0
1
180
1
4025
197
608
36
12
6336
13923
2
2331
134
1
142
7990
4
0
-72
1152
3
106
116
5548
-1
87
780
159
0
952
7332
183
111
-15
23
2279
1
4692
1196
168
2304
7030
1240
51
102
141
5700
112
123
5005
6785
76
2
0
-99
702
-36
1
800
26
0
132
-44
39
2880
39
7189
1
104
990
0
-98
-68
1
34
3
-71
7708
105
151
4464
0
0
60
0
12
0
8961
3800
103
3220
-15
18
111
0
-16
4455
11
3025
312
-29
3465
1
135
107
10
2
5451
6208
2
5
0
0
36
-4
5133
1632
32
1612
92
5782
0
-8
9758
0
-45
1044
2911
67
92
52
0
1
216
144
0
0
-41
14
0
0
1232
0
162
46
122
-16
1645
6
36
7488
0
59
94
163
0
-47
1
2275
-72
12862
214
195
0
158
-5
1512
180
3
4284
-53
0
-23
20
157
1
6
1
106
76
7920
70
124
17
9120
94
3132
296
176
-58
89
154
0
35
972
5
1957
0
5727
67
0
1
53
0
122
0
18
2668
1635
121
75
5642
120
1
-77
27
4
97
110
165
4
0
208
5
2940
115
1482
162
1
34
2
5
1403
506
3
58
8400
0
138
4
-58
59
10998
-34
0
100
-10
7854
-4
0
180
3
148
144
3024
131
10904
4732
42
1692
-71
119
-28
223
-44
113
0
-23
56
111
6390
0
1482
7592
0
2
4982
16
2
138
1
0
-28
1
1391
-15
-75
4048
1
-22
9790
50
85
-106
8880
-79
92
10767
368
135
756
1
210
47
57
3
3350
2560
1716
-16
11664
688
0
52
62
68
45
5500
-9
1
1
9
18
9
0
61
0
-50
88
40
-69
6840
-7
5325
147
-31
-41
1
11400
-111
364
-58
158
0
7663
145
-40
527
159
-19
0
40
90
113
1
24
219
119
10323
0
-8
16
51
9964
46
0
1833
0
-50
-44
54
98
1581
0
1188
990
6440
83
-75
63
196
98
1
28
0
0
0
205
1368
0
42
83
2268
1
3131
121
0
99
8480
0
122
1
4674
94
64
17
3108
1
200
11
1
44
1290
2184
4092
1219
69
5
-71
239
2484
-77
-68
135
4060
40
7
30
40
351
728
-78
148
70
125
936
0
65
97
0
3
1
79
112
0
62
39
76
-25
44
1064
816
4
113
26
630
96
-11
1
11
-12
2
747
17
71
133
0
39
5320
182
179
5828
0
-80
-85
0
131
-14
0
1152
-30
404
109
1144
39
10
1568
6102
177
23
1
1
159
18
1
4176
88
6431
175
182
0
-57
55
94
156
3910
39
0
2408
199
0
32
15
4089
10057
187
60
0
2
178
1
0
2
4601
3783
3680
66
21
35
3154
2
-5
2030
6241
3
3444
174
7584
17
17
176
205
0
63
6
-86
5256
0
177
95
2
103
169
3
192
3
102
1156
-96
1
14
212
252
12
56
-40
0
190
1
151
-34
20
9879
7102
5456
203
-56
53
138
3024
-89
160
1275
-50
28
116
7546
-21
1424
-45
5293
98
139
140
7
2014
-30
185
1
107
29
117
-16
1088
6014
155
1512
144
113
132
121
14
0
1
123
83
-6
1
0
-2
1
98
1156
1
0
799
39
85
194
2
1
221
-82
4968
10830
146
10
21
196
9595
1
97
146
62
139
5640
30
108
832
151
186
134
1
-73
252
2
0
0
-72
5358
5796
44
1
0
-11
0
-19
-25
12432
195
3649
0
115
0
4984
-50
616
1
91
0
0
33
134
42
3392
4018
12
4240
0
181
3
12
150
0
0
58
40
4
0
3680
-36
2480
6888
6
4187
1428
481
-1
2
154
3366
11446
61
0
-26
882
16
109
0
620
70
10
0
16
4551
-12
320
7469
4992
96
0
1
2
330
1
-7
91
0
660
0
0
-9
1
3927
37
11
77
2967
21
1
102
149
143
-39
4
546
171
54
0
38
43
-1
1
-88
57
0
0
2184
-13
-24
9408
73
1
58
-77
29
792
-13
0
113
179
11
2006
1110
120
124
2
779
77
-24
3255
0
129
3
-23
125
61
0
1
106
306
11466
-6
495
588
1
5
1
1274
-16
90
28
1
-6
1
182
3827
238
2
41
3
0
146
750
211
-19
-62
1386
136
131
1
63
0
3
0
145
61
70
7
2280
156
7462
9204
5
150
12960
1
18
74
-75
110
3922
22
-22
111
-15
1980
3069
18
54
510
864
3990
-45
2
-36
-100
4620
22
1
71
28
18
0
0
163
5
40
0
37
84
55
1700
124
225
206
11
-12
35
80
0
81
34
82
75
-64
13
115
0
2976
0
88
10
130
4
51
-14
26
91
-39
201
130
6072
-74
-49
51
0
0
0
981
213
56
1
65
2736
98
4655
162
4898
3450
78
162
48
175
77
49
13
-1
1260
7242
0
3672
7950
1
15
0
77
95
0
21
3200
156
-82
176
0
126
-66
6188
20
174
1
1
270
4500
0
2889
-85
112
-66
162
3
702
158
1496
225
36
153
1
6363
1955
115
108
89
0
24
3362
129
8964
0
-13
179
1295
7
160
258
-38
2
7743
6527
0
-30
4608
4450
122
106
10080
127
1
157
812
12
4331
129
11663
125
6300
3773
58
1700
71
0
0
-78
160
2
428
-13
2
16
75
1
2
0
129
146
162
-63
-39
60
38
-70
-2
11448
57
157
49
5824
1500
0
0
8
6384
0
756
5
0
1204
-69
0
2200
1515
1
49
0
150
188
205
145
0
1798
32
-23
0
1001
50
12120
-15
0
6386
129
0
154
395
2842
171
1218
6391
39
194
132
260
100
0
129
1
192
-20
25
-22
194
1260
107
196
6
19
110
0
3638
45
76
10900
1
-54
1924
-38
2438
8968
8280
2028
89
82
-65
1
8415
0
-13
139
0
121
4
-75
67
126
166
12190
1
186
93
3
2703
167
1890
169
14
2448
9416
-26
108
-15
222
9
855
64
0
186
2
1
86
96
0
2185
224
1
-27
169
3492
610
0
118
88
5
0
64
1
1
5106
2016
8439
0
5472
152
2
10070
60
4850
448
5
-25
-66
2160
6512
108
1113
117
0
64
-75
-49
4620
765
40
69
1819
125
22
-37
6868
81
1
0
83
235
3880
660
0
85
146
1
-33
-39
38
223
322
-10
-18
24
672
3136
72
1414
0
130
208
0
17
52
0
-24
0
5
1
9828
10656
178
8855
88
180
-29
176
5214
0
-29
224
97
101
1
3
6771
185
3599
22
131
10230
1
6336
115
-13
64
139
-19
3
67
107
142
106
166
209
189
1
0
1
4329
-40
2250
-21
-1
108
6099
14
6
860
0
109
5460
10
11433
34
119
-31
2
1085
227
75
2781
22
2394
5742
102
1645
-61
113
0
-47
1
3672
1
-24
2376
-14
0
-16
408
106
165
91
0
192
-47
-77
1
8
420
0
35
0
5
115
90
0
1998
108
3
0
62
0
100
-25
155
11
4
0
2
63
185
56
0
0
77
0
-45
126
7227
126
127
6363
3
-64
-14
71
60
189
93
150
101
285
1
3
1
9396
6734
181
0
1
-26
2886
130
12
0
124
-5
-49
0
42
7844
1
53
0
0
7455
0
1
5
128
114
0
4
178
39
149
159
119
125
1885
0
0
1
8455
109
270
31
1
5
2
139
-92
1
8295
1
-22
132
137
90
11074
164
35
60
-9
-57
-75
21
9044
28
1155
0
49
0
91
146
0
154
7
31
216
5712
57
19
873
99
39
-25
0
120
142
83
177
-12
0
189
665
6045
0
121
3330
-34
58
1
0
19
134
1
5247
3245
25
192
5445
2
5520
2323
-3
-24
2255
1484
181
99
32
639
15
0
372
9006
122
-92
51
-41
145
142
165
-42
0
1488
-64
2160
102
92
139
0
7426
14
49
127
133
153
198
139
6678
4437
1026
-2
62
1
220
2485
0
179
3395
16
8342
1
2860
0
88
165
0
-65
0
1
0
44
173
3621
2
95
225
13
-27
5256
-13
-23
8352
68
0
130
-2
152
2
153
0
-38
91
72
1
69
384
45
15
3100
50
4005
43
1
7743
-42
0
-41
924
1
0
0
328
-67
73
0
0
47
5214
-1
5120
-57
92
0
124
1
0
2856
110
63
5500
5840
0
0
1431
7
88
3
2
1054
0
4329
121
140
55
72
179
350
1449
0
76
10918
0
7
9612
0
7100
36
-7
3
0
170
0
104
-42
1
107
63
-73
3348
-59
2450
4560
2828
5525
18
35
-29
0
1
0
67
3
-5
115
7315
164
37
16
61
6
108
62
13
167
77
1
11
896
200
159
133
0
105
9240
3
101
75
184
3
23
2
135
12
1785
0
7526
1
-42
7
1222
4992
726
2303
99
2324
7
1
47
-49
550
35
100
5346
3696
1
33
369
18
2
87
1
5
88
113
0
1
0
2280
0
8
2610
-42
100
1
0
108
163
146
-3
600
132
-33
177
665
7
4
54
19
5135
0
10323
3379
8364
12285
1856
34
8175
4030
109
10
4988
0
429
1
1
560
118
0
66
9
64
1
0
0
2496
32
51
12
4757
47
1
-16
-11
8740
51
0
6572
1
1
3201
27
168
49
156
0
95
2331
2
0
141
136
-54
110
114
181
28
1
11
6536
1
3680
0
178
-48
2
10
6552
94
-40
68
117
172
-1
144
0
3003
4992
151
7303
-22
4
118
16
11
2
75
7884
1504
4588
38
10120
-68
1204
2124
85
160
19
158
-65
22
2
64
4515
142
8265
38
-22
3502
147
123
4347
203
77
96
0
0
18
0
6090
1650
-7
8
-36
24
-5
1092
0
111
3432
5265
0
0
-53
0
131
4300
13
1
-1
11
0
-6
1680
59
0
150
83
0
185
-17
114
3744
30
138
47
19
-6
4526
1
-26
0
114
31
-47
0
3402
-52
226
6
147
0
11880
67
25
2
1
-24
4560
1121
6468
15
0
2924
5
22
5280
1258
137
26
600
2
79
88
1
0
4
5750
10816
96
157
66
2436
92
0
11639
3
61
4320
6
121
1
1
1
2288
-46
0
7
16
72
-111
37
4
18
236
8
9720
-30
352
272
93
97
2
91
1090
0
-43
-88
118
11663
1
177
117
177
3
105
9775
44
0
0
28
6272
108
24
2356
12
29
140
-60
0
0
81
93
3042
144
24
3
1464
85
225
2
0
2
57
-84
135
-51
149
21
27
-27
178
1320
273
5
33
0
1
0
-97
-8
26
22
0
-102
1763
440
1911
49
0
0
1
0
6
123
1
0
4095
0
138
91
-64
0
119
-16
-40
68
6
146
4000
-101
5310
195
-14
960
-57
0
119
0
0
0
58
135
2178
-17
70
0
69
109
15
0
1
39
166
364
133
193
-35
128
106
561
0
45
149
68
11648
1
35
2
0
77
-96
92
1
1
140
38
0
181
89
208
1
50
121
0
25
1
2
0
-21
127
12
26
136
33
132
0
4828
1155
1221
101
0
1575
783
418
180
26
114
235
-38
0
0
1212
7866
9
-87
95
450
520
3
92
136
3
81
-4
0
6490
1
696
66
226
40
117
2555
3240
110
1872
130
109
73
42
-11
6816
8
11
40
29
120
-40
992
74
171
-102
27
190
0
-9
23
151
0
476
2109
-84
5520
1
832
-50
0
2
159
72
1302
177
48
0
44
20
58
50
-79
-58
5146
29
108
0
2964
127
-23
0
1
119
-56
13090
-32
0
21
0
90
165
4161
810
4
136
153
11550
71
0
36
7800
0
96
4
608
0
127
33
49
0
33
0
211
0
0
1
41
-47
800
8690
32
0
10706
2618
-25
5238
-67
150
162
94
85
1150
6720
3
142
3060
234
59
-32
-68
103
1
3710
7
0
1
113
19
-14
34
39
4838
2
11520
3772
56
11336
51
80
3996
650
85
10989
180
0
3
3002
49
48
1
45
210
0
7208
119
113
-9
0
186
11
26
6307
8526
-10
1
8395
178
1
197
10
87
-18
0
-25
182
474
4292
4557
37
2
-2
221
0
30
103
74
0
37
630
0
185
-36
5310
0
759
1088
180
0
0
177
164
59
2
-27
-31
-88
35
2800
91
98
2
38
1
9
21
11
1
5445
-14
7548
145
784
1
150
2
39
123
143
261
1
100
-25
1
0
59
-25
0
-60
2268
0
-93
8938
560
18
5400
0
-39
103
0
-18
0
4
-78
29
75
0
94
410
950
0
1
2
2325
9696
1
155
2494
12430
69
2756
2822
104
-8
3422
136
-45
-89
4
-4
45
4268
20
159
0
88
1
100
23
0
8058
-2
429
0
963
140
944
94
17
6480
0
0
5355
136
539
-21
9
114
4212
0
2
5278
1
506
1
0
139
158
95
-16
1
-81
0
-62
9
6825
160
2
108
1482
5
75
1188
20
60
-11
55
0
34
0
69
-50
0
7080
66
414
0
0
83
174
186
984
2015
-10
12544
120
1
58
11
161
1053
-3
132
513
210
0
640
14
-66
-69
1015
0
0
0
1
68
8
0
10735
123
2340
1
22
52
152
138
-31
0
186
6726
1
8880
1950
123
1710
220
279
1
0
0
0
89
8600
205
-64
73
124
384
33
200
44
65
54
113
206
-13
2
0
0
210
0
180
4293
0
4636
142
47
0
3597
-93
-49
5200
43
0
9
-95
196
9696
120
158
235
97
72
-89
1998
1062
29
5
8
0
18
252
1
0
101
12
2436
9102
118
1
11682
56
2
0
304
162
148
83
0
-18
1
138
0
0
162
-28
-52
4429
0
-68
76
300
117
25
131
2260
-15
181
7560
0
223
95
6580
0
0
30
4250
122
4368
11342
4914
1
63
-48
191
3960
1738
0
45
816
2754
2107
0
5
8
689
113
125
0
141
0
0
137
-20
9396
-12
-68
82
4995
0
39
2997
0
1
58
1
0
46
132
6405
-22
66
69
20
-34
34
0
1425
14
4080
352
110
13
1
5244
1
112
71
122
0
102
0
10
1
0
3904
6
29
1813
133
57
1410
91
1248
-20
45
111
175
34
164
1
114
169
135
0
105
39
2208
-108
19
0
117
14
0
110
43
9006
133
5538
80
52
87
0
0
0
374
-14
-6
7200
0
-51
2
-32
29
4
1
-95
3069
206
178
2142
191
-13
38
904
5510
2322
2
11
5
1
-41
5520
0
77
0
18
0
172
3075
26
0
24
97
1
-6
4380
5100
1
36
6083
35
1
-61
1
53
80
-89
46
-8
14
3816
18
139
110
-70
1736
318
126
0
319
2162
17
9
2
2660
3808
34
0
88
5670
3
135
2
0
-51
42
120
113
7875
-19
0
119
8008
0
28
2016
1836
25
4
0
328
10197
1
1674
1635
-44
5
117
44
0
1296
9492
3286
32
3
8370
1392
2
140
-54
149
-53
-3
10355
66
3652
118
107
48
868
-43
2
79
-50
2
165
2
6156
-94
0
0
10584
240
-21
135
4368
4218
5
120
1
139
-5
159
33
72
3564
145
-73
78
0
0
864
11682
89
2
1
56
1
0
5616
24
-80
8
2
31
0
6314
122
12753
5808
5856
71
1
1
0
1
2
1
47
840
1122
10300
1425
210
135
159
0
15
0
2
0
189
110
0
19
3503
71
51
1
-90
29
-66
81
149
62
14
0
1
1
-47
2050
61
2
0
4
1
-31
0
798
0
0
-23
183
7
25
-48
190
19
121
131
135
0
91
24
-42
47
7917
5
8400
21
32
0
0
1
170
111
1
1
2412
73
6
1
11
1320
32
-84
2418
-51
102
180
3
1368
2607
0
2016
68
128
2046
-58
99
0
5
-16
0
6720
-42
0
-2
4664
476
93
39
120
3605
63
57
-89
10700
0
1
300
14
144
1
2
-8
10807
215
57
5
-29
91
0
157
0
0
151
23
100
15
0
1
7
0
153
128
1
3
90
7372
104
1
1738
-23
100
1
23
29
-31
88
35
4
0
147
9118
205
-29
7
153
1120
11990
4
23
-16
110
885
34
25
2584
159
6270
666
3
33
1
59
8364
0
84
-21
5
95
14
-2
7416
79
2891
1
-17
186
-89
57
166
54
0
3168
8600
28
1024
100
1025
115
1
215
4
-66
660
5452
4860
45
2550
235
13456
133
0
60
101
-79
1
3500
62
0
181
0
61
138
77
0
4
181
125
-7
1
-55
3072
61
194
7392
480
0
0
3000
28
2006
-4
1065
0
0
6764
0
3
90
-5
9
86
6
-39
1
-6
1
4898
2
-4
3658
76
101
0
4
1
6141
60
-79
104
155
126
12
720
95
4
-68
134
-42
143
2205
3885
0
78
0
-29
0
8325
904
4
0
-84
-18
-74
1767
0
0
3145
2860
10640
7
0
0
1
124
100
4
27
87
1
2001
1725
163
7178
-26
1449
0
6490
0
1212
146
3240
0
-52
56
149
95
53
-30
93
65
9130
1325
-32
164
0
1
31
8208
99
44
120
2242
199
1
24
222
1
69
666
136
93
312
85
0
76
16
167
43
62
6566
-44
0
73
-67
0
-5
114
1
2623
7
164
0
0
14
0
282
28
222
156
2
122
5695
0
15
78
3
13
20
135
0
2574
1
3
138
2124
109
3
0
111
1800
1
1
0
-24
1
2
-11
1
0
69
57
9
6783
0
-7
3120
2
5175
6426
102
4
-83
6
0
103
88
83
682
64
12
0
1
31
5600
137
222
133
9408
0
2
3120
-1
1
188
1102
132
122
6360
0
87
2158
402
-36
1
2590
0
229
67
1178
39
-47
11280
2
51
11385
0
2
0
644
780
1
4500
1
70
149
-86
144
660
0
66
209
1960
11413
24
32
0
201
194
0
1
55
65
19
0
11
2000
75
1232
47
135
-2
480
2208
14
113
5325
1
0
1512
67
2
4845
135
3
1
1785
33
29
21
182
-26
16
5335
1
0
5
16
5616
56
224
113
0
-70
0
125
137
47
0
36
121
2054
0
-54
-7
13
107
0
1
-37
2376
63
223
47
-81
75
1426
178
107
-53
136
0
0
184
3
5
57
1
167
0
86
128
0
75
880
89
196
228
6732
656
173
7056
0
3
86
0
2023
5
197
0
-21
207
-49
315
152
-13
1568
2291
2912
0
3
-99
4459
82
73
169
0
4
48
61
3528
192
4888
-83
102
140
38
0
51
0
4
108
192
-42
260
1
5670
-110
136
37
3
1
1824
660
0
0
83
2478
48
-52
3038
2072
4560
-35
46
1
4374
2565
-93
163
-66
3744
-75
21
-35
100
41
3
0
-29
1
180
130
0
35
85
-84
54
660
10878
13
0
61
16
0
0
3550
0
76
1246
6216
112
0
1530
2975
1445
136
2178
143
4840
134
21
49
23
12305
110
103
3
0
95
1920
75
460
0
92
450
0
0
115
138
123
2100
26
2
-17
3
6490
0
7
41
0
193
0
120
1
125
122
131
99
55
-33
112
222
258
0
22
143
2134
155
162
97
0
52
621
1
90
-27
90
58
155
0
18
3990
1235
0
11520
0
67
-7
6
5074
0
-2
-2
0
-22
300
7440
140
660
2884
-84
3876
-38
2109
70
32
216
58
3363
-82
146
1582
-25
2050
205
-2
240
1092
12980
85
-33
100
0
10
41
21
192
2
33
0
16
108
0
0
151
121
820
23
62
68
131
71
121
4
26
0
138
-5
10900
17
151
10
108
-86
0
648
142
0
4
1
3
160
2280
72
231
3828
-24
139
-64
58
0
0
-16
0
105
64
189
2420
0
-30
938
4368
-90
123
50
50
0
232
-36
85
223
65
1
-45
1
123
390
1339
13
32
14
2
46
125
185
8
0
48
580
68
1
0
0
155
-30
1
624
96
39
0
114
2
8892
-83
1224
-13
7029
39
-12
-93
2
102
2300
1798
3030
693
73
124
0
104
6
220
-103
0
139
42
1659
0
0
2
4536
-29
71
98
58
69
169
2106
115
-47
676
9
4329
1
31
0
101
-25
11330
176
1530
0
1785
0
0
-12
0
4648
1480
2964
185
36
-20
-65
107
0
774
141
-25
-13
0
-74
122
4640
1
1
9
13
82
121
0
2
0
1
3933
-28
39
8
154
116
756
0
2070
59
90
0
1
11554
69
2268
0
-59
50
12
416
5928
-21
68
3528
2
18
226
-41
-32
-33
90
4779
36
0
139
79
2
-89
118
11
1512
0
24
2205
4130
14
89
4
42
74
-51
131
15
1
-20
2
-62
27
3380
7426
0
330
1
114
-8
7224
-15
1880
0
5304
12168
-28
10192
22
178
76
385
1
8
1620
1972
1364
0
-67
658
-76
147
116
4
9520
118
-21
22
60
897
7303
63
207
3920
2856
5000
0
62
67
77
64
-39
-72
10
